8,0111111110001111000111100011011111011000111100011111001111000110111110
2,0011110011001111000111100011000011000011000011000011000011000001111111
1,0001100111110000011000001110000111000011000001100000110000011001111111
5,0111111111000001100010110000111111001000110000011000101110000110111110
3,1111110100001100100110001110011111000001110000011000001110000111111110
7,1111110010011000001100001100000110000011000001100001100000110000011000
1,0011100111110000011000001100000110000011000001100000110000011001111111
6,0001111011110001100001100000110111011100111100011110001101100110011110
5,0111111111000001100000110001011111001000110000111000001110100110111110
4,0001110100111010111100010111011011001001101100110111111100001100011111
5,0111111011000001100000110000011111001001110000011001011110000110111110
9,0111100110011011000111100011110011101110110000011000011100011101111000
0,1011100011011011001111100011110001111001111100111110001101101100011100
2,0011110011001111101111100011000011100011000011000011000011010001111111
7,1111110000011000001100001100100110000011000001100001100000110000011000
