9,000111110000111111110001110001110111000001101110000011111100000111111000001110111000111101111111111001111101110000000011100000001110010000111100111111110000111110000
7,011111111110111111111100000000111000000001100000000110000000011100000000110000000011100000000110000000011100000000110000000011100000000110000000011100000000111000000
6,000011111000011111111001111000010011100000001110000000011100111100111111111101111000111111100000111111000001111110000011101100000111011100011100011111111000011111000
0,000111110000011111110001110001110011100011101110000011111100000111111000001111110000011111100000111111000001111110000011101110001110011100011100011111110000011111000
8,000111110000011111110001110001110011100011100111000111000111101100001111110000011111110001110011110111000011111110000011111100000111111100011110111111111000011111000
2,011111100001111111110010000011110000000011100000000111000000001110000000111000000011100000001110000000111000000011100000001110000000111000000001111111111011111111110
1,000011100000111111000001111110000000011100000000111000000001110000000011100000000111000000001110000000011100000000111000000001110000000011100000111111111001111111110
5,011111111100111111111001100000000011000000000110000000001111100000011111110000000011110000000011110000000011100000000111000000001110010000111000111111110000111110000
3,001111110000111111110001000011110000000011100000000111000000011100001111110000011111100000000011100000000011100000000111000000001110010000111100111111110000111110000
4,000000111000000011110000001111100000110111000001101110000110011100011000111001100001110010000011100111111111111111111111100000011100000000111000000001110000000011100
