6,000001110001110000110000011000000101110011100110110000111100001111000011110000110110011000111100
2,001111000100111010000110000001100000011000000100000011000000100000010000001000010111111111111110
8,001111000110001111000011110000110111011000111000001111000100011011000011110000110110011000111100
1,000110000111100000011000000110000001100000011000000110000001100000011000000110000001100001111110
7,001111110011111101000001000000100000001000000010000001000000010000001000000010000000100000010000
4,000001100000011000001110000101100010011000100110010001101000011011111111000001100000011000000110
0,000111000011011000100010011000110110001101100011011000110110001101100011001000100011011000011100
3,001111000100111010000110000001100000110000011100000011100000011000000110000001101100110011111000
9,001111000110011011000011110000111100001111000011011000110011111000000110000011000001100011100000
5,000111100001111000100000001110000111110000001110000001100000000000000010000000100100010001111000
