0,36|00011000001111000110011011000011110000111100001111000011011001100011110000011000
1,27|00110000011100001111000000110000001100000011000000110000001100000011000011111100
2,32|00111100011001101100001100000011000001100000110000011000001100000110000011111111
3,31|01111100110001100000001100000110000111000000011000000011000000111100011001111100
4,35|00000110000011100001111000110110011001101100011011111111000001100000011000000110
5,37|11111110110000001100000011011100111001100000001100000011110000110110011000111100
6,39|00111100011001101100001011000000110111001110011011000011110000110110011000111100
7,26|11111111000000110000001100000110000011000001100000110000011000001100000011000000
8,40|00111100011001101100001101100110001111000110011011000011110000110110011000111100
9,39|00111100011001101100001111000011011001110011101100000011010000110110011000111100
a,33|00111110011000110000001101111111110000111100011101111011
b,38|11000000110000001100000011011100111001101100001111000011110000111110011011011100
c,24|00111110011000111100000011000000110000000110001100111110
d,38|00000011000000110000001100111011011001111100001111000011110000110110011100111011
e,31|00111100011001101100001111111111110000000110001100111110
f,30|00011110001100110011001100110000001100001111110000110000001100000011000000110000
