3,011110100001100001000010001100000010000001100001100001011110
0,011110100111100001101101101101101101101101100001100001011110
2,011110100001100001000001000010000100001000010000100001111111
9,011100100010100001100001110011011101000001000001100010011100
5,111111110000100010101110110001000001000001100001100001011110
4,000100000100001100110100100100100100111111000100000100001111
8,011110100001100001100001011110010010100001100001100001011110
9,011100100010100001100001100011011101000001000001100010011100
4,000100000100001100010110100100100100111111000100000100001111
4,000100010100001100010100100100100100111111000100000100001111
6,001110010001100000100000101110110001100001100001100001011111
7,111111100010100010000100000100001000001000001000001100001000
2,011110110001100001000001000010000100001000010001100001111111
1,001000111000001000001000001100001000001000001000001000111110
2,111110100001100001000001000010000100001000010000100001111111
3,011110100001100001011010001100000010000001100001100001011110
